5.6259941981095825   21.667214276510762
5.675012487512488   22.250805308594256
5.677735725812649   21.082753511145473
5.721307538615231   21.350631361937896
5.730838872665796   22.355934319031054
5.730158063090755   21.16266025641026
5.73794955044955   21.738918953743077
5.745816683316684   20.9166344543229
5.753986398217168   21.2461184125757
5.759432874817491   22.29936541682773
5.764879351417813   21.778322703259892
5.773654230385   21.05569514237856
5.77849554291862   22.087295451617063
5.783942019518943   22.542165957995106
5.800281449319911   22.187314779023325
5.811174402520557   22.663058884164414
5.79755821101975   21.055356912768975
5.8166208791208796   21.37324442726453
5.832960308921848   20.53134261048834
5.849299738722816   21.11580337585363
5.892871551525398   21.147983507279992
5.892871551525398   21.03665764721041
5.890148313225237   19.945287334106432
5.911253410051487   20.311843673495684
5.925550411127334   21.64025254477516
5.941889840928303   20.382618219301637
5.952782794128948   19.918180646823863
5.969122223929917   22.09947171756217
5.97456870053024   21.636773611647985
5.975825579745698   20.516088826776883
5.9854616537308845   21.78549800283469
5.988184892031046   20.8757569900786
5.99635460693153   22.45345316325216
6.007247560132176   21.326278830047677
5.99635460693153   20.50438087875274
6.023586989933144   19.542455869089036
6.029033466533467   20.617446205385907
6.03230135249366   19.843087875273806
6.045372896334435   21.94552892668471
6.039926419734112   21.33236696302023
6.0508193729347575   22.13078211570674
6.0508193729347575   19.68857106043036
6.05626584953508   21.486309753897697
6.058989087835242   19.901655714469786
6.083498232536694   19.519842803762405
6.1107306155383085   22.229061976549417
6.118900330438793   21.00969591547481
6.127070045339277   19.676394794485248
6.15430242834089   21.231477902332177
6.159748904941213   19.280666151269166
6.165195381541535   21.537624017523516
6.1815348113425035   20.637450070867157
6.186981287942826   20.81487566035305
6.1951510028433106   19.26646050766654
6.203320717743795   21.666344543228966
6.219660147544763   22.0142378559464
6.230553100745409   20.55308594253318
6.2278298624452475   20.10662285787914
6.235999577345732   20.311300090194564
6.257785483747023   19.87556371601598
6.257785483747023   19.418084009792555
6.2795713901483134   21.06709831207319
6.276848151848152   19.24210797577632
6.285017866748636   21.803762401752355
6.290464343348959   21.59676588068548
6.299178705909476   19.575331787140833
6.3122502497502495   20.697461667310915
6.325866441251057   18.60894214663059
6.334036156151541   20.43132328308208
6.334036156151541   20.01211184125757
6.325866441251057   19.62768973070481
6.3449291093521865   20.27390155907744
6.3449291093521865   19.926008246360006
6.356502872127873   19.209130588841646
6.383054445554446   19.82511918567195
6.383054445554446   19.20354980028347
6.4048403519557375   21.437604690117254
6.4048403519557375   21.1331980414895
6.4048403519557375   19.099761628656104
6.4102868285560595   21.898563329467855
6.432072734957351   18.840581110681615
6.453858641358641   19.173688957608558
6.459305117958964   19.274578018296612
6.508323407361869   19.583333333333336
6.54917198186429   21.342513851307825
6.573681126565742   19.605076665378174
6.579127603166064   19.40416827728386
6.59002055636671   20.095606236309756
6.595467032967033   19.906874114160548
6.598190271267194   17.89155714469785
6.6390388457696154   21.515010952196885
6.655378275570584   22.493460894214664
6.66627122877123   20.949684319031054
6.677164181971875   17.74993557531246
6.68805713517252   22.055985053472494
6.690780373472681   20.22331207318645
6.693503611772843   18.484860198428038
6.731628947975102   18.083043422239403
6.742521901175747   19.597249065842032
6.745245139475909   17.60845896147404
6.764307807577039   22.442146630588844
6.7697542841773615   21.272355366576473
6.775200760777684   19.929487179487182
6.777379351417814   19.649911416054636
6.7833704756781685   21.12029699780956
6.788816952278491   18.64547094446592
6.796986667178976   22.40996649916248
6.815141589180051   17.418373920886484
6.824219050180589   18.02825022548641
6.8351120033812345   18.159579951037237
6.8351120033812345   17.82299317098312
6.840558479981557   17.920403298544002
6.8351120033812345   17.423785594639867
6.8677908629831705   18.710121118412577
6.878683816183816   20.12604690117253
6.878683816183816   17.60287817291586
6.889576769384462   20.673978868702488
6.9004697225851075   18.056951423785595
6.916809152386076   20.766605463213505
6.911362675785753   20.128134261048835
6.922255628986399   18.250032212343772
6.927702105586722   19.7233603917021
6.949488011988013   22.401269166344544
6.960380965188658   19.743364257183355
6.971273918389303   20.76182193016364
6.982166871589949   22.095123051153205
6.998506301390917   21.62285787913929
7.012122492891724   17.502931323283082
7.033908399293015   21.900592707125373
7.036631637593176   21.721137739981963
7.042078114193499   20.990561783275353
7.0638640205947905   22.053375853627113
7.080203450395759   19.601597732251
7.093819641896566   18.828114933642574
7.118328786598018   17.600341450843963
7.129221739798663   21.807241334879528
7.140114692999308   17.509889189537432
7.14283793129947   22.30410063136194
7.151007646199954   21.533275351114547
7.161295435333898   22.028443499549027
7.172793552601245   21.539363484087104
7.201841427802966   22.012208478288883
7.209662009588046   21.862034531632524
7.221811842004151   21.01665378172916
7.227258318604473   16.647113773998196
7.224535080304312   22.0142378559464
7.24087451010528   21.834637933256026
7.251767463305925   22.17557337971911
7.276276608007377   19.359811879912385
7.2817230846077   21.69591547480995
7.298062514408668   21.46021775544389
7.308955467609314   21.91682772838552
7.308955467609314   19.85382038397114
7.317125182509798   21.75752158227033
7.3252948974102825   21.32019069707512
7.330741374010605   16.537527380492207
7.3579737570122195   21.921176394794486
7.3597892492123265   19.62092513851308
7.360696995312381   22.046707898466693
7.368866710212865   21.414121891508827
7.385206140013833   19.647983507279992
7.404268808114962   21.405424558690893
7.450563859217706   16.43489885324056
7.466903289018674   21.811590001288497
7.466903289018674   17.302022935188766
7.494135672020288   16.31487566035305
7.526814531622224   21.892475196495297
7.526814531622224   19.87121504960701
7.526814531622224   16.14266847055792
7.540430723123031   18.998582656874113
7.543153961423192   16.498389382811496
7.554046914623838   20.479158613580726
7.55949339122416   16.175718335266076
7.570386344424806   21.769842803762405
7.57855605932529   16.74090001288494
7.592853060401138   21.597200747326376
7.603065204026743   20.500032212343772
7.618315338507646   21.54545161705966
7.624851110428034   16.88802989305502
7.624851110428034   16.27834686251772
7.633323407361869   21.311396727225876
7.662976446630293   21.278791392861745
7.682341696764774   21.15513464759696
7.680949819411358   16.179371215049606
7.684762353031584   21.600244813812655
7.684762353031584   16.54796417987373
7.70273572581265   20.863580724133488
7.706548259432875   21.49239788687025
7.706548259432875   16.727998969205
7.711994736033198   18.110005153975003
7.714173326673327   21.133893828114935
7.7038250211327135   16.175718335266076
7.735037521649948   20.723553665764722
7.739227119034812   21.608072413348797
7.73514226158457   20.815890349181807
7.741950357334973   21.515010952196885
7.744673595635135   21.310623630975392
7.744673595635135   18.799703646437315
7.752843310535619   21.09594446591934
7.772511142703451   20.71295580466435
7.799138361638362   19.051056564875662
7.804584838238685   21.59676588068548
7.8018615999385235   20.942726452776707
7.81063647890571   21.478482154361554
7.81063647890571   21.124693982734186
7.799138361638362   20.670789846669244
7.8154777914393305   16.544485246746554
7.831817221240298   21.368895760855562
7.829093982940137   21.066011145470945
7.826370744639975   21.60633294678521
7.848156651041267   20.55308594253318
7.848156651041267   17.34898853240562
7.869942557442558   19.826423785594642
7.872665795742719   17.573959541296226
7.878112272343042   21.575892281922435
7.891728463843849   18.10217755443886
7.902621417044495   19.745103723746944
7.899898178744333   16.297480994717176
7.918960846845463   21.467175621698235
7.924407323445785   21.167987372761242
7.9325770383462695   19.865126916634456
7.938568162606625   16.620152042262596
7.943717558665112   21.411512691663447
7.9461932298470765   21.275834299703646
7.962532659648044   20.884889189537432
7.970157726888496   16.667639479448525
7.972215284715285   21.423959541296227
7.984318566049335   20.967078984666927
7.984318566049335   16.180936734956838
7.99248828094982   17.586135807241334
8.01359337777607   21.25656970751192
8.007919964650736   16.711981381265304
8.016997425651272   20.615184898853244
8.019720663951434   20.96302022935189
8.022443902251595   20.309560623630976
8.027890378851918   20.825312459734572
8.03333685545224   20.536561010179103
8.033942019518943   15.552699394407938
8.036060093752402   16.783516943692824
8.046953046953048   21.314102564102566
8.066015715054178   20.385227419147018
8.066015715054178   20.248679293905425
8.066015715054178   16.438377786367738
8.057846000153694   15.554728772065456
8.088791889928252   21.159685373253215
8.08598612925536   20.668084009792555
8.090524859755629   21.34352854013658
8.104141051256438   20.630202293518877
8.10958752785676   21.038360874887257
8.115941750557136   20.967078984666927
8.11231076615692   20.30347249065842
8.11231076615692   18.406004380878755
8.115034004457081   17.746456642185287
8.10958752785676   21.192339904651465
8.136819910858373   20.148659966499164
8.134096672558211   15.360923205772453
8.136819910858373   20.647452003607786
8.142266387458696   17.090677747712924
8.146722595586233   21.011356315376418
8.150980750019212   20.853230898080145
8.147712864059018   19.126723360391704
8.154520959809421   20.450348698621312
8.155882578959503   20.570335652622088
8.165413913010067   16.858350244813813
8.175935515533418   19.717351325391526
8.174945247060633   15.365126916634456
8.164052293859987   17.08893828114934
8.185838200261276   21.006216982347638
8.183795771536158   20.91482250998583
8.187880628986399   17.54326520422626
8.193327105586722   20.837325650689344
8.190294408388816   20.71008597767392
8.189650733881503   20.507424945239016
8.196731153461922   21.216344543228967
8.196731153461922   18.21524288107203
8.199000518712058   17.682023901559077
8.195740884989139   16.931753757130643
8.196731153461922   15.313812653008632
8.204220058787367   17.787805211957224
8.210044762929378   19.661512691663447
8.218517059863213   21.133361116479836
8.218517059863213   20.95855559850535
8.223963536463536   19.063232830820773
8.215793821563054   17.525761821930164
8.226232901713672   15.374114160546322
8.223963536463536   20.863580724133488
8.235945784984247   20.51412189150883
8.229410013063859   20.36609328694756
8.23649043264428   19.84442726452777
8.236898918389304   19.544738918953744
8.234856489664182   19.349375080530862
8.243026204564668   18.199007859811882
8.256642396065473   17.65948331400593
8.253919157765312   15.531390929003996
8.262088872665796   17.947365030279606
8.262088872665796   17.362034531632524
8.269804714516253   20.86104400206159
8.260046443940675   20.493726646050767
8.263904364865905   19.797480994717176
8.267535349266119   16.4166344543229
8.272981825866442   20.653975003221234
8.267535349266119   19.5826375467079
8.27025858756628   15.68663831980415
8.283874779067087   21.124500708671565
8.283874779067087   20.16902622084783
8.28932125566741   18.581400592707126
8.288330987194623   15.381825795644893
8.300214208868056   19.44069707511919
8.302029701068165   17.89257183352661
8.305660685468379   20.898152622084783
8.311107162068701   20.670499935575315
8.314375048028895   20.50864257183353
8.311107162068701   18.904071640252546
8.31042635249366   18.43175210990852
8.312741105048797   15.250200360778251
8.319579459002536   19.796533951810336
8.316553638669024   19.117156294291973
8.316553638669024   15.767813426104883
8.311107162068701   15.458536271099087
8.323361734419427   20.14137595026414
8.322000115269347   19.569417600824636
8.320910819949281   15.189440793712151
8.322000115269347   18.544002061590003
8.32744659186967   18.07782502254864
8.32744659186967   16.8636773611648
8.32880821101975   16.496562942919727
8.32880821101975   15.381977998969207
8.339596424285773   20.993773106161974
8.324723353569507   17.8803955675815
8.344693767770691   20.832125370441954
8.345147640820718   19.66142813426105
8.341062783370475   20.55613000901946
8.349232498270961   16.99239788687025
8.345964612310766   15.263716015977323
8.357704795204796   20.749913026671823
8.355935854086741   20.311277789341187
8.349232498270961   19.8590387836619
8.354678974871284   19.136290426491435
8.354678974871284   19.02648659966499
8.360125451471607   20.655714469784822
8.361382330687064   20.118955229797905
8.357402213171444   16.571446978482157
8.36111571994439   15.455658244602969
8.349232498270961   15.37817291586136
8.371018404672252   19.491141605463213
8.37537558595251   18.948375853627113
8.376464881272575   17.833429970364644
8.373741642972412   19.652042262595028
8.383726850073003   18.848408710217758
8.379188119572735   16.376626723360392
8.38735783447322   16.163542069320965
8.390625720433412   15.271630588841646
8.392804311073542   20.984473650302796
8.394784848019114   20.82373112649495
8.394619803273649   20.733700554052316
8.392804311073542   17.399433062749647
8.394165930223622   20.924309850534726
8.395527549373703   20.58149722973844
8.395527549373703   20.471910836232446
8.39726051920108   20.12525623455272
8.381911357872898   20.078211570673883
8.398250787673865   19.139769359618608
8.394619803273649   15.47558304342224
8.395527549373703   15.136676974616673
8.406965150234381   15.87800863290813
8.40914374087451   19.72850921273032
8.411413106124645   15.635903878366191
8.414590217474833   19.92426877979642
8.415580485947618   18.800257113071183
8.425483170675479   18.484860198428038
8.425483170675479   15.305115320190698
8.433199012525936   20.81386097152429
8.42790382694229   20.716112614353822
8.430929647275802   18.357879139286176
8.42820640897564   20.94881458574926
8.436376123876125   19.65030279603144
8.437056933451164   18.63456303955676
8.436981287942826   15.447171756216983
8.442600668562207   15.225969591547482
8.441822600476447   20.204322896533952
8.430929647275802   15.930163638706354
8.44863069622685   19.727154603143926
8.44726907707677   15.68988532405618
8.444545838776609   15.591257569900787
8.452715553677093   19.469398273418374
8.44804714516253   18.771872181419923
8.454349496657189   17.814643731477904
8.458162030277414   19.946881845123052
8.458162030277414   16.615803375853627
8.460885268577577   18.95393634840871
8.463608506877737   18.704902718721815
8.463608506877737   18.25177167890736
8.466720779220779   15.380550186831595
8.460885268577577   20.830095992784436
8.467012554752941   20.711123727612424
8.46905498347806   18.044775157840487
8.474501460078383   20.659193402912
8.47389629601168   20.45296997809561
8.474501460078383   19.26848988532406
8.471778221778223   17.127496456642184
8.463608506877737   15.449201133874503
8.471233574118191   15.25458381651849
8.476316952278491   19.66421852854014
8.482671174978869   15.721306854786757
8.479947936678705   17.807337971910837
8.492202509029433   15.06691711763948
8.494018001229541   20.357081883777866
8.496287366479674   19.512884937508055
8.496287366479674   17.295065068934417
8.495509298393914   15.998872567968048
8.503912433720126   15.379187604690118
8.496287366479674   20.71137739981961
8.514442288480751   16.564907872696818
8.513883675496103   15.220661988443206
8.515894682240837   15.105424558690892
8.518073272880965   19.97993170983121
8.515350034580806   19.67740948331401
8.518073272880965   18.89276510758923
8.518073272880965   17.075892281922435
8.518073272880965   15.879139286174464
8.523519749481288   16.964566421852858
8.52896622608161   19.87382424945239
8.52624298778145   19.136580337585364
8.52624298778145   16.077293518876434
8.536228194882042   20.78646437314779
8.534412702681934   18.980782115706738
8.537135940982095   20.279119958768202
8.537135940982095   18.51153201906971
8.539859179282256   18.081303955675814
8.537589814032122   15.41419436928231
8.54530565588258   19.246746553279216
8.550752132482902   20.179970364643733
8.542582417582418   16.620152042262596
8.54530565588258   15.249104496843191
8.541415315453778   15.126530086329083
8.561645085683548   19.62334106429584
8.56709156228387   20.700418760469013
8.56709156228387   18.82753511145471
8.56709156228387   15.746070094060045
8.56709156228387   15.400785981187992
8.56436832398371   20.791588551733025
8.572538038884193   20.459734570287335
8.583430992084839   19.061493364257185
8.583430992084839   18.610971524288107
8.588877468685162   20.61657647210411
8.594323945285485   20.372181419920114
8.591600706985323   14.93813619378946
8.607032390686237   20.153298544002062
8.610663375086453   17.636870248679294
8.610663375086453   16.18441566808401
8.60794013678629   19.058449297770906
8.621556328287099   15.010275737662674
8.627002804887422   16.008903491818067
8.627002804887422   15.930453549800285
8.632449281487744   19.39025254477516
8.630633789287636   15.338938281149337
8.632449281487744   15.11638319804149
8.629726043187581   20.21671659579951
8.637895758088067   19.287624017523516
8.637895758088067   15.503414508439636
8.650422654268809   19.64108362324443
8.651814531622225   15.41740755057338
8.651511949588873   20.696157067388224
8.654235187889036   19.80772452003608
8.667851379389841   15.212778636773612
8.676021094290325   20.07038397113774
8.681467570890648   18.53530472877207
8.678744332590487   18.438474423399047
8.681467570890648   14.94156680840098
8.683888227157459   19.588455095992785
8.685923779018186   15.416362113598295
8.692360524091294   17.99433062749646
8.705522842542074   15.10572896533952
8.7059767155921   20.28114933642572
8.709380763467301   15.961111647983508
8.71641579574272   15.688667697461668
8.71641579574272   15.487759309367352
8.72640100284331   18.68098505347249
8.731166669868593   19.06428375853627
8.735932336893875   17.25244813812653
8.733209098593715   16.04888223167118
8.735932336893875   14.920693209637934
8.741378813494197   18.103047287720656
8.727762621993392   15.140735729931711
8.74410205179436   18.4222394021389
8.752271766694843   16.9854400206159
8.752271766694843   16.6871215049607
8.74924594636133   15.694755830434223
8.740017194344118   15.481671176394796
8.754995004995006   19.135565648756604
8.761349227695382   18.642832753511147
8.763164719895489   17.930840097925525
8.763164719895489   15.39498775930937
8.763164719895489   15.280762788300478
8.768611196495812   19.802506120345317
8.768611196495812   19.258053085942535
8.774057673096134   20.559174075505737
8.779504149696457   19.52158227032599
8.782474955114814   15.188905775966077
8.782772035656652   18.581748486019844
8.78222738799662   15.6977998969205
8.798112944747562   19.385179100631362
8.801290056097749   20.017330240948333
8.801290056097749   16.44185671949491
8.80189522016445   15.307144697848216
8.810004418658266   19.878520809174077
8.813544628448476   15.394915281535885
8.812183009298394   14.77370828501482
8.809459770998233   19.51231961087489
8.817629485898717   18.99974230124984
8.817629485898717   15.146823862904267
8.82307596249904   18.894678520809176
8.828522439099363   18.36570673882232
8.82791727503266   15.013561396727226
8.820352724198878   19.429825409096768
8.833968915699685   20.486116479835076
8.839415392300008   16.054825409096765
8.839415392300008   15.789556758149725
8.839415392300008   15.63822316711764
8.836692153999847   19.913831980414898
8.843046376700222   15.328114933642572
8.85194228848075   19.776240175235152
8.850308345500654   18.805791779409873
8.850308345500654   18.029119958768202
8.845769615000385   14.958091740755059
8.855754822100977   19.158903491818066
8.86961858071998   15.400090194562559
8.88298720510259   15.332511918567196
8.89006762468301   19.991151269166345
8.872094251901945   19.779893055018686
8.900960577883655   14.734048447365032
8.907885383846923   15.37382424945239
8.915666064704528   19.29548060816905
8.917844655344656   19.946707898466695
8.92111254130485   19.170499935575315
8.935471434160245   15.33157102528962
8.931324684930456   15.157985440020617
8.937451971105817   19.692919726839328
8.92383577960501   14.699346089421468
8.934728732805656   19.347635613967274
8.955153020056866   19.094978095606237
8.956514639206947   19.913831980414898
8.970130830707754   18.24916247906198
8.970130830707754   15.400785981187992
8.953791400906786   15.274674655327923
8.974488011988011   19.16823862904265
8.975577307308077   18.056951423785595
8.9810237839084   19.81294291972684
8.997363213709368   19.66421852854014
9.008256166910012   16.507956448911223
9.009163913010067   15.396437314779025
9.010979405210175   15.753607782502256
9.016425881810498   19.804245586908905
9.02459559671098   19.540716402525447
9.02459559671098   18.28134261048834
9.02459559671098   15.609521968818452
9.035488549911626   18.47790233217369
9.046986667178976   19.143344929777093
9.035488549911626   15.388319804148951
9.048423931837394   14.627810526993946
9.057274456312918   14.850244813812653
9.057274456312918   19.56924365416828
9.068167409513563   19.859908516943694
9.070890647813727   15.140735729931711
9.079060362714209   18.553569127689734
9.079060362714209   18.110391702100245
9.090634125489895   19.146727225872958
9.079060362714209   14.667078984666926
9.079060362714209   14.55911609328695
9.092676554215016   15.81043035691277
9.1008462691155   19.962537044195336
9.106292745715823   16.026993944079372
9.111739222316146   19.675525061203455
9.1008462691155   18.166537817291587
9.112344386382848   15.35652622084783
9.114462460616307   19.207608555598508
9.122632175516792   19.100631361937896
9.13897160531776   19.803375853627113
9.148607679302945   15.343985707630859
9.155311035118729   19.653781729158617
9.152587796818565   15.629815745393635
9.160757511719051   19.36416054632135
9.160757511719051   14.907647210411032
9.158034273418888   14.489305501868317
9.17709694152002   18.176104883391318
9.187989894720666   18.808400979255254
9.198882847921311   15.686928230898081
9.193436371320988   14.894775157840485
9.204329324521634   18.057821157067387
9.212499039422116   18.154361551346476
9.2206687543226   19.22326375467079
9.223694574656115   15.242881072026803
9.234284945823408   18.247712923592324
9.23700818412357   15.824346089421468
9.242454660723892   19.67900399433063
9.253347613924538   14.89286174462054
9.253347613924538   15.290503801056566
9.264240567125183   15.43905424558691
9.269687043725506   18.92146630588842
9.294196188426959   19.89455289266847
9.302365903327441   15.713889962633683
9.304635268577577   15.35331303955676
9.307812379927764   19.010179100631362
9.302365903327441   14.38580724133488
9.335044762929378   17.86387063522742
9.335044762929378   15.039846669243655
9.340491239529701   16.088745007086718
9.329598286329055   15.396437314779025
9.341398985629755   15.27873341064296
9.340491239529701   14.918084009792553
9.345937716130024   19.030182966112616
9.345937716130024   18.45876819997423
9.348660954430187   15.891605463213505
9.353426621455469   14.452523031825796
9.35683066933067   19.444176008246362
9.354107431030508   18.791586135807243
9.37861657573196   19.110198428037627
9.367723622531315   16.08439634067775
9.37861657573196   15.2777187218142
9.384063052332284   18.714469784821546
9.391551957657727   14.404071640252546
9.386786290632445   19.42830337585363
9.402671847383386   15.152573766267235
9.411295435333898   18.393538203839714
9.411295435333898   17.901269166344544
9.411295435333898   15.406874114160548
9.411295435333898   15.292939054245588
9.41674191193422   15.030279603143926
9.430660685468379   14.396630588841646
9.422188388534543   15.189440793712151
9.452144009836317   14.714566421852854
9.46349083608699   14.413964856332948
9.476653154537772   18.848408710217758
9.481418821563054   19.607142281922435
9.4839151233382   17.072026800670017
9.488907726888495   19.369705095992785
9.492992584338738   14.330434222394022
9.500254553139168   19.5309560623631
9.487546107738416   14.471041102950652
9.506608775839545   17.08893828114934
9.520224967340353   19.407299317098314
9.53414374087451   14.338455095992785
9.537554665614106   15.396990781412892
9.533296511181128   14.266073959541298
9.542010873741644   17.687314779023325
9.550180588642128   19.564779023321737
9.569243256743256   15.503414508439636
9.569243256743256   14.313619378946013
9.55835030354261   15.396437314779025
9.577957619303774   15.283806854786755
9.585582686544225   17.070673882231674
9.607368592945516   17.433352660739597
9.607368592945516   14.28143924751965
9.601922116345193   15.309174075505736
9.618261546146162   15.027670403298544
9.623708022746484   19.181516557144697
9.641862944747562   15.213793325602373
9.646750808363235   14.268727761093436
9.645493929147776   14.178810720268007
9.650940405748099   15.400785981187992
9.659110120648583   17.760662285787916
9.667279835549067   19.097152428810723
9.681440674709906   15.218542069320964
9.682362386134574   18.55290010208835
9.683619265350035   18.309174075505737
9.685321289287636   14.29585507666538
9.680896027049874   14.171707898466693
9.687808862734897   15.399013063344336
9.696146161530777   19.264837005540524
9.694512218550681   14.651945625563718
9.699958695151004   18.734473650302796
9.71085164835165   14.939827341837393
9.715390378851918   15.274573186445046
9.708128410051486   15.180308594253319
9.721744601552295   19.012788300476743
9.721744601552295   18.508342997036465
9.72083685545224   14.372210411029508
9.71926893037033   14.2513148493048
9.719021363252132   19.224350921273032
9.738084031353264   16.163542069320965
9.741351917313455   14.209251385130782
9.743530507953587   18.839711377399823
9.743530507953587   18.411802602757376
9.743530507953587   15.419920113387452
9.757146699454392   17.758632908130398
9.757146699454392   15.56487566035305
9.759264773687852   14.345219688184512
9.762593176054715   14.24958526607396
9.79118717820641   14.216861551346478
9.798985542429598   19.049870564945945
9.797995273956813   14.332753511145471
9.825227656958427   15.633004767426879
9.819781180358104   19.10411029506507
9.83067413355875   14.820673882231672
9.83067413355875   14.20164121891509
9.836120610159071   18.60401365803376
9.836120610159071   14.331014044581885
9.841567086759394   18.352660739595414
9.860629754860526   18.4719591547481
9.861991374010605   17.801757183352663
9.866530104510874   14.253390349181807
9.87424594636133   18.900592707125373
9.871522708061171   17.890542455869088
9.87424594636133   15.159869862131169
9.87424594636133   14.34927844349955
9.879692422961654   14.171707898466693
9.896031852762622   18.56226646050767
9.896031852762622   17.769591547480996
9.901478329362945   15.38078211570674
9.904201567663106   14.665861358072414
9.909194171213404   14.234111261435382
9.911114403348131   18.455521195722202
9.91237128256359   14.365078598118801
9.9243535310843   14.161763947944854
9.940593934037992   15.391456115074208
9.93143395066472   14.264044581883779
9.95049661876585   18.126530086329083
9.95049661876585   15.256410256410257
9.945050142165528   14.379719108362325
9.964360377384853   14.16608098768903
9.966836048566819   18.928424172142766
9.966836048566819   14.105753124597346
9.969559286866978   18.292359232057727
9.964112810266657   15.4268779796418
9.984809421347883   14.26964566421853
10.004961384769079   18.755347249065842
10.005951653241864   14.157041032669174
10.010407861369401   18.48961474036851
10.013378666787759   14.810316149512131
9.994068431568433   14.057048060816905
10.018825143388082   17.852722235888066
10.01766983016983   14.353788171627368
10.021300814570047   15.316421852854015
10.021300814570047   14.297529313232832
10.02674729117037   17.609908516943694
10.02674729117037   16.82453936348409
10.032193767770693   14.927422770905812
10.043086720971337   18.377013271485634
10.046057526389696   14.158332454814868
10.045809959271498   14.842417214276512
10.050953853838468   17.829661126143538
10.05125643587182   15.41571640252545
10.053979674171982   15.299027187218144
10.04853319757166   14.331014044581885
10.061241642972412   14.057048060816905
10.08204997665057   14.15633146006165
10.075765580573274   17.831690503801056
10.092105010374242   14.918953743074347
10.094828248674403   15.306130009019459
10.097551486974565   14.58265687411416
10.097551486974565   14.40233217368896
10.10980605932529   15.43981526220848
10.120699012525936   14.128583623244428
10.1302303465765   15.128559463986601
10.137855413816954   14.114276510758923
10.141123299777146   15.402525447751579
10.152016252977791   17.89257183352661
10.157462729578114   17.103723746939828
10.162909206178437   18.17436541682773
10.16835568277876   17.438571060430355
10.16835568277876   14.78153588455096
10.16835568277876   14.305791779409871
10.165329862445247   14.102596314907872
10.157462729578114   14.023225099858266
10.173802159379083   18.094349954902718
10.171078921078923   16.725679680453553
10.173802159379083   17.89257183352661
10.195588065780374   18.184802216209253
10.20648101898102   14.082270325988919
10.213969924306463   14.169678520809175
10.217373972181665   18.076085555985053
10.217373972181665   15.029409869862132
10.222820448781988   15.30076665378173
10.22554368708215   18.556178327535115
10.23534734496273   17.849346089421466
10.239159878582957   16.539266847055792
10.243244736033198   14.0696048350728
10.250052831783602   14.866769746166732
10.251309710999061   14.23969204999356
10.233713401982634   14.190986986213117
10.258470113802282   18.105656487566037
10.258767194344117   15.217446205385905
10.260945784984248   15.398176781342611
10.267649140800028   18.376578404844736
10.258222546684085   17.807337971910837
10.288178167985862   15.689537430743462
10.274561976485053   14.245780182966113
10.282731691385539   18.148273418373922
10.282731691385539   18.069127689730706
10.292943835011144   15.168893344929778
10.294986263736265   14.77037430743461
10.293624644586185   14.151848988532407
10.293624644586185   14.051829661126144
10.300886613386613   18.395857492591162
10.315410550987474   15.317291586135807
10.314153671772015   15.055751637873787
10.32630350418812   14.71108748872568
10.331749980788443   15.195528926684707
10.329329324521634   14.158516943692824
10.336701323152372   14.068578615689168
10.337196457388766   18.40884550959928
10.343248098055792   17.969688184512307
10.344458426189195   14.836329081303957
10.348089410589411   16.589711377399823
10.350812648889573   18.235536657647213
10.353535887189734   15.41731091354207
10.353535887189734   15.285691276897307
10.372144682240837   17.923012498389383
10.3659849765619   14.069224326762017
10.380768270191348   14.921562942919728
10.372598555290864   14.818064682386291
10.388257175516792   17.796683739208866
10.393930588642128   15.38436251771679
10.388937985091832   15.28888029893055
10.397107699992315   14.34927844349955
10.407546780142935   18.196978482154364
10.40800065319296   17.935188764334494
10.409362272343042   17.835698524674655
10.40800065319296   17.358555598505347
10.40800065319296   15.063329467852082
10.40800065319296   14.20838165184899
10.413447129793283   18.112614353820383
10.418893606393606   14.932869475583045
10.429786559594252   16.30617832753511
10.413447129793283   15.432966112614356
10.427063321294092   15.338600051539752
10.44612598939522   17.959541296224714
10.44340275109506   14.193016363870635
10.435233036194575   18.130009019456256
10.451572465995543   17.61860584976163
10.451572465995543   14.086618992397888
10.457018942595866   14.919823476356141
10.478804848997157   17.994852467465535
10.48425132559748   16.430550186831596
10.512473977071881   17.6667574469082
10.516930185199417   15.175525061203455
10.520891259090561   15.449238031650093
10.524010604779836   15.341339711377401
10.529184757550142   17.484666924365417
10.532012735784924   17.860648161914106
10.533269615000385   16.450554052312846
10.533269615000385   17.624693982734186
10.552332283101514   14.04994523901559
10.559511729529213   15.444035445291727
10.56186361715208   15.369345123051154
10.560501998002   14.950264141218916
10.565343310535619   17.761857363741786
10.557778759701836   17.477056758149725
10.568671712902482   17.995562749645664
10.571394951202645   14.82241334879526
10.578326830512147   15.283290285928478
10.580245475678169   15.180308594253319
10.571394951202645   15.140735729931711
10.593180857603935   17.88435285401366
10.598627334204258   17.59860198428038
10.598627334204258   16.122954516170598
10.600669762929378   15.405569514237857
10.609520287404903   14.423205772452004
10.613605144855146   17.73022162092514
10.616522900176747   15.362517716789075
10.60407381080458   18.02651075892282
10.620413240605549   14.124017523515011
10.620413240605549   15.420789846669244
10.656117920541   17.726162865610103
10.658538576807807   16.60188764334493
10.66398505340813   15.247712923592323
10.672402335426812   16.348399925033092
10.680324483209098   14.70586908903492
10.691217436409744   17.770809174075506
10.696663913010067   17.162865610101793
10.70211038961039   15.227709058111069
10.707556866210712   16.5628221234377
10.696663913010067   16.32995103723747
10.72389629601168   14.967658806854788
10.713003342811035   17.758632908130398
10.726619534311842   17.417697461667313
10.729342772612004   16.066131941760084
10.729342772612004   15.883835845896147
10.729342772612004   14.4101597732251
10.74023572581265   15.324249452390157
10.759545961031975   16.2581848637125
10.753851917313456   15.806371601597732
10.753851917313456   14.58265687411416
10.758844520863754   14.31021292359232
10.76202163221394   17.643828114933644
10.774276204564668   16.450445335652624
10.772914585414586   15.655617832753514
10.783807538615232   15.246770712537046
10.783807538615232   15.02158227032599
10.783807538615232   14.383371988145857
10.783807538615232   16.29342223940214
10.794700491815878   14.535401365803377
10.784896833935296   14.279873727612422
10.78816471989549   17.663658033758537
10.797423730116037   14.792697461667311
10.80287020671636   16.397935188764336
10.816486398217169   16.93673495683546
10.816486398217169   15.15726066228579
10.821932874817492   15.372954516170598
10.827379351417814   16.10874887256797
10.830405171751327   15.08932482927458
10.83827230461846   14.58758536271099
10.846744601552295   16.22313812653009
10.845988146468917   15.943861937894603
10.849165257819106   14.367542842417215
10.858242718819643   16.119233990465148
10.849165257819106   15.134647596959155
10.876397640820718   17.311590001288494
10.873674402520557   16.27160642958382
10.865504687620072   15.944369282308982
10.892737070621687   15.41209251385131
10.894098689771766   14.255673399046515
10.912344386382848   14.334666924365417
10.9199694536233   14.737179487179489
10.925415930223624   16.521872181419923
10.930862406823946   16.77148563329468
10.928139168523785   16.297480994717176
10.932904835549067   15.397198331400594
10.936308883424267   14.611068161319418
10.945944957409456   14.359659490747626
10.954917678475372   16.1949974230125
10.953329122800277   14.23817001675042
10.963541266425882   16.784531632521585
10.965719857066013   15.372693596186059
10.970349362176286   15.218359425331789
10.974434219626527   16.479603143924752
10.973072600476447   15.318052602757378
10.97988069622685   15.85913542069321
10.97715745792669   15.484715242881073
10.97715745792669   14.436947558304343
10.974434219626527   16.224423399046515
10.990773649427496   14.65020615900013
10.991454459002536   14.27393779796418
10.998035618227927   16.389479448524675
11.001666602628141   14.805888416441181
11.015282794128948   14.355366576472106
11.01800603242911   14.123147790233219
11.036160954430185   16.426008246360006
11.03706870053024   15.422819224326762
11.046495294646183   15.819796715332085
11.061577845231692   15.232057724520038
11.06256811370448   14.313303112298087
11.058309959271499   16.46794871794872
11.067024321832015   16.264431130009022
11.072470798432338   14.14054245586909
11.080943095366173   15.691373534338359
11.088810228233307   16.353317871408326
11.088810228233307   15.339034918180648
11.101518673634057   14.32391122278057
11.105149658034275   16.510565648756604
11.108417543994467   15.415006120345318
11.102426419734112   15.173205772452004
11.110596134634598   14.172722587295452
11.11604261123492   15.735111454709447
11.11604261123492   15.533275351114549
11.121489087835243   15.653878366189925
11.120581341735189   14.241586135807243
11.134651406286022   16.241165764721043
11.137828517636212   16.369378946012112
11.137828517636212   14.354859232057725
11.143274994236533   16.83932482927458
11.142185698916467   15.412266460507666
11.150277607008377   15.741721427651077
11.156437312687313   15.56081690503801
11.154167947437179   15.02419147017137
11.162090095219467   14.242127303182581
11.162337662337663   14.908371988145857
11.165060900637824   14.67194949104497
11.162337662337663   16.239136387063525
11.15689118573734   16.19398273418374
11.170507377238147   14.492784434995492
11.17595385383847   14.345799510372375
11.183669695688927   15.441083623244428
11.188662299239223   15.581922432676203
11.197739760239761   16.575795644891123
11.200710565658119   16.337884058989587
11.197739760239761   14.25392668470558
11.214079190040728   16.00699007859812
11.221795031891187   15.502979641798737
11.217483237915932   15.384007376626723
11.21952566664105   14.952873341064297
11.224972143241374   16.336039170210025
11.234049604241914   14.315793712150496
11.222248904941214   14.22447171756217
11.263097479443633   15.60038976935962
11.259693431568433   15.420028830047675
11.254927764543151   15.344688184512306
11.25765100284331   14.630202293518877
11.276961238062636   14.32846809806609
11.292508453085377   14.298138126530088
11.29335568277876   16.1378366189924
11.29577633904557   15.93915088261822
11.29577633904557   15.736503027960316
11.284883385844925   15.61628656101018
11.293053100745409   15.538493750805308
11.288968243295166   15.408613580724134
11.315383654806732   16.309657260662288
11.31409630579211   14.400750840449334
11.323008722047184   14.314489112227806
11.328455198647507   16.14092900399433
11.331178436947669   15.443924751964953
11.339348151848153   15.212053859038786
11.340126219933913   15.353530472877209
11.350241105048799   16.34722973843577
11.351497984264258   14.469870308148238
11.352056597248906   14.335411029506508
11.359772439099363   15.257932289653397
11.367261344424808   16.25384937508053
11.352964343348958   16.154409869862132
11.366580534849767   15.594736503027962
11.37270782102513   15.458840677747714
11.37202701145009   14.728482154361553
11.377473488050413   15.804342223940214
11.386324012525936   14.434765977322511
11.37202701145009   14.288397113774
11.393812917851381   15.312979158613583
11.398170099131638   14.400418760469012
11.41015234765235   15.42252931323283
11.4346614923538   14.439585749259116
11.421045300852994   14.34927844349955
11.437384730653962   16.1343190310527
11.440107968954123   15.817533178714084
11.442831207254285   14.559753897693598
11.449366979174673   15.476191856719495
11.448882847921311   15.202293518876434
11.45856547298855   15.346041102950652
11.474420771536156   15.572993170983121
11.470063590255899   14.503511145470945
11.486403020056866   15.398176781342611
11.470063590255899   15.213793325602373
11.500321793591025   15.333526607395955
11.508642799508184   15.666851887643347
11.511819910858375   15.489112227805697
11.515450895258589   14.67465532792166
11.505465688157997   14.603457995103724
11.519081879658803   14.825892281922433
11.533242718819643   15.34955869089035
11.538533581802813   15.633874500708673
11.548129754860526   15.492494523901561
11.545406516560362   15.298012498389383
11.576658918005073   15.486019842803763
11.584439598862676   15.110295065068936
11.578993122262354   14.839981961087489
11.589886075463   14.999838938281151
11.592998347806041   15.391218915088263
11.602335164835164   15.244233990465148
11.622564935064936   15.457318644504575
